100001606
100001612
4387
4722
1888
4280
4543
4185
100000988
1123
2278__0_1796
4400
4528
1467__2760_2219
4572
100000930
3172
4695
4510
3236
1244__920_1840
3100
2333
4493
4361
100001149
1467__2984_1840
1955
1522
100000867
452
4637
524
2830
100001392
1687
266
49
100001394
645
100000805
100000942
100001104
001aee007
1158__0_1798
1399__0_920
1208__920_1961
100001062
100001019
1559
1452__2983_1840
141
2707
100001291
768
100000802
2739
100001406
1907__1840_920
2545__0_0
732
690
4405
3219
3132
4306
1929
4323
4213
1957
100000901
4491
4005
1208__0_920
232
100000683
100001503
1311
1144
100000998
4467
4284
3494
3130
3120
4317
4127
518
988
2293__0_1796
1420__920_0
1202
3354
1212__1840_920
100001307
680
251
107__1840_0
4502
1901
100000685
214
100001063
1438__0_1840
100000661
100001438
4374
758
12
848
100000738
1129
100001116
1327__0_0
1456__920_920
100001521
100000809
1953
100001315
100001443
4028
2052
2009__2760_2252
517
1788__0_1634
642
100001113
0aa565354
1311__2363_0
100000642
1465__2760_0
124__0_0
100000869
100001511
664
100000899
100001671
100000965
3098
1213
4444
995
100001362
4540
100000646
2538__0_0
2585
100001381
3690
0ebbee9f9
4674
1790
3077
100001111
1945
0e9014ce4
100001456
1097
2009__1840_920
1937
1777
1284__2361_920
100000859
846
6b6635371
160
1443__2027_1840
1b8a489c6
684
4062
4038
704
1602
3253
2276
799
100000891
2003
4107
100000886
658
100001173
2505__1840_1497
1217__1963_1840
728
4046
650
1771
2058
1896__0_1979
1441__1840_1840
3232
4393
100001181
4111
100000959
76
3477
513
379
100000753
4248
1379__0_2128
100001661
1379__1840_0
100001338
2009__1840_1840
100001670
2010__2760_920
954
144__1840_1676
2654
1234
4086
100000979
722
2010__2760_0
100001037
4611
421
100001370
4098
100001331
2476
1856__1840_920
100000814
850
1907__1840_1979
4060
1858__0_0
100001094
100000678
1882
4367
1192
962
795
553
3149
100001516
1465__2984_0
827
348
2675
6f1a70a31
100000769
1829
4096
100000673
40
1802
2583
1c4f227ca
329
100001638
1172
2105
1299
1828__1840_1840
100001373
778
1357__2364_1840
2067
459
100000813
100001415
1d92b652d
2992
2487__920_1498
1ffa69995
927__1939_920
1459__1840_2218
4092
100000681
1133
20__920_2001
1918__0_0
100000734
4362
100001218
2560__2760_1840
1357
100001607
560
2584__2760_1834
4630
3139
4124
4615
100001411
6dc50c792
100001084
4451
3349
4319
7bd3a77f3
4628
1604
1613
100000691
1438__920_1884
4438
3211
4433
100001558
100000900
1701
2034
100000726
1646
100000701
1648
100000885
1958
1118__0_0
1272
1744
100001346
100001595
2705
100000763
1780
100001224
1140
4455
1379
1420__2364_1840
1829__920_920
100001439
4513
1452__0_0
4511
1278__0_2128
100001341
2557__2760_2345
100001035
468
100000764
1372__0_920
100001616
68
100001306
1943
100000795
466
1820
1028
100001680
3175
20__0_0
2270__0_0
100001144
523
100001301
100001246
4169
100000951
1799
100001580
4003
938
2468__920_0
100001477
635
516
1182
1178__0_0
100001250
4209
1685
2279__1840_1795
281
1752
2550
7bd5b1f8c
1276
2564__1840_2345
457
430
100000909
2485__920_1497
3861
1920__0_1595
4446
1211
1290
2279__920_0
100001625
100001344
1974
100001421
2560__0_920
100001374
437
1399__2364_920
4340
100000724
1379__1840_920
1096
100001268
2485__1840_1497
100000759
100001386
1447__0_1840
1397__2364_920
4083
525
2614
100001433
100001351
1825__2011_1840
100000882
100001524
1191
100001254
4686
4676
801
143
100001432
2293__1840_920
100000655
1418__0_0
100000675
100000634
3198
100001353
963
1420__0_0
2930
476
2000000007
100000820
100001490
1209
4525
2571__2760_920
2374
4339
1441__2027_0
100001567
4313
1448__0_0
857
341
1456__2027_0
100000924
2000000008
1448__0_920
1327__1840_0
100001053
2009__2760_920
100001336
4292
3288
1438__2027_0
613
100000837
2000000001
1153
100000956
1200
677
2487__0_1498
1085
4064
81
100000928
903
3311
695
2484
2685
3702
100000711
4421
1158__1840_1798
129
605
4577
100001409
100001071
1803
2000000002
1562
100001500
1554
4345
100000944
1149__0_0
4665
4220
931
807
3666
100001414
3061
1674
946
4401
18__1840_1840
100000725
100001578
2117
100001190
1237
100001075
3831
2504
100000794
2239
4610
4639
1329
100001364
100000937
3217
1230
100001591
2489__1840_0
100001340
4531
1447__1840_1884
4055
1450__2760_0
100001527
1254
2836
717
1621
4165
100001446
4687
870
85
874
100001083
100000007
100000868
100001185
784
1442__0_0
2841
1896__0_1840
3125
1830
100001285
815
100001486
3060
100001547
100001442
2126
1372__2365_920
4129
1126
2268__2664_0
100001592
2562__3207_2345
100001056
100001488
100001498
1311__0_2128
2593
2000000003
1902
558
100001014
4703
4541
100000770
100000765
2c1b309f8
100001410
4218
376
1748
1989
100000664
428
2068
2000000009
100001221
3355
222
1456__1840_920
2000000004
1443__1840_1884
100000932
4509
100001032
1103
245
4418
1918__1840_920
3775
597
100000676
419
504
1199
100000723
349
418
100001099
4239
1378__920_920
1465__2984_2218
100001613
4180
4308
100000950
3094
551
100001009
4456
248
1858__0_920
1321
1693
4091
487
100000670
1361__920_1840
4484
4398
1452__920_920
1362
4634
100001356
100001430
1420__1840_1840
136
1053
100001555
1459__2760_0
830
100000656
2054
100001206
2889
4311
460
20__920_1840
1952
1856__920_1840
4271
3782
2270
4561
276
215
1459__2983_1840
1644
1119
622
1378__0_920
1734
2127
124__920_0
100001296
2000000005
100001213
2485__1983_920
3464
100001545
2162
100001502
412
100001523
922
947
100001597
3320
4527
3234
4558
100001563
100001237
4677
2000000018
279
436
4175
2409
3308
4512
1773
4355
398
2073
100001646
4216
4519
2301
2066
1120__920_1840
626
4647
2030
1418__0_920
109__920_0
2134
1467__0_2219
439
1368
1931__0_0
4413
4227
3525
1420__0_920
2502
100000755
2330
1206
100001429
4117
100001447
934
4726
126__920_920
100001286
4386
126__1840_0
2000000006
3969
4464
1919__0_1979
3144
100000707
4624
4071
785
1334
100000635
4053
1361__0_2128
56
204
100001120
17
213
100000864
4283
4309
3737
3143
3592
4604
100000632
1149__0_920
475
100001398
1800
100000630
100001510
4067
4373
1244__920_2128
1626
100001472
121
100000778
277
4069
4538
100001450
100001269
705
3b279e35d
598
100000788
1056
782
2513__1840_0
1378__0_0
4481
373
100001017
4226
4704
221
2545__3205_1840
4439
4555
2000000019
100001412
3103
100000689
1196
1357__920_920
100001436
3312
592
1351
100001368
918
2278__2665_920
100000952
760
1046
897
100001507
4708
891
2749
11
3472
925
100000972
100001171
4662
1459__1840_920
1918__920_1595
107
2524
100001640
3413
100001553
1459__2760_920
100001010
5d99fe851
100001367
761
100001311
4678
716
4574
2279__0_0
672
4625
1022
3187
307
100001533
1831
3171
1465__2760_2218
4156
18__2164_920
483
4432
100001635
255
100001347
1820__0_920
96
2244
904
2163
195
100001440
1928__2134_920
1978
100001034
1848__1840_0
202
100001310
100001054
4259
535__0_920
447
32
410
1055
1849__0_0
316
1349
1863
2170
100001231
4514
3271
1217
4523
1452__2760_920
4599
4321
978
283
100000839
100001598
100000931
2000000011
100000967
100000978
100001534
3956
539
623
4245
2000000012
673
268
206
1443__1840_920
1197
1934
669
4300
4473
391
667
100000709
1694
100000971
100001489
4376
646
100001397
100001608
3786
3244
2641
1125
977
100001044
2559__2760_2345
100000694
2000000013
1539
2730
2056
100001656
100000732
561
4466
4179
100001546
100001647
2000000020
100001272
4480
2935
4291
100000005
100001634
100001537
100001379
1565
1825__920_0
4047
100001087
100001329
2571__2760_1834
100000806
1102
955
100001445
1763
4232
100001474
4588
4325
1035
3265
2468__0_920
1918__1840_1595
2000000014
100001253
100001473
1625
1212__1840_0
3083
100000677
100000992
609
1159
4027
1280
280
344
1379__0_1840
2270__920_920
1316
1810
4717
4500
1399__1840_0
100000786
4230
1101
4381
711
4214
1148
1820__0_0
4518
1973
1452__2983_0
2658
4688
100001147
100000875
100001210
1997
927__920_0
535
809
3691
100000730
4709
337
4435
2834
1624
100001513
100000966
1149__1840_920
743
1280__1840_1840
402
3150
100001407
100000824
2010__1840_1840
2125
100001274
1574
636
3819
1933
1285__2361_0
1210
100001090
100000804
2489__920_920
835
100001564
100000826
100000747
4590
133
2560__0_1840
100000729
100001665
2487__0_920
4696
1825__1840_0
4191
1465__2760_1840
4181
3357
100000910
2951
1459__2983_0
100001122
1017
1044
2864
100001576
1291
100001186
1142
100000660
100001400
4123
100001137
4299
100001544
2766
2382__2760_1837
241
4422
1187
100001289
1054
59
100000878
100000862
210
100001162
4043
2866
1542
100001643
100001320
1420__2364_920
679
2281__1840_0
100000821
4262
4279
100000816
1970
727
2842
1383
603
1418__2364_920
4045
100000993
554
100000919
100001552
1452__2983_920
100001382
841
4267
100001002
1212__920_0
2562__2760_1840
1357__0_0
974
2503
823
100000916
269
1382
2010__920_1840
4570
100000819
100000720
3202
1907__2012_920
100001660
234
2090
100000750
3112
2367
1229
100001132
100001238
4698
361
1062
448
1406
1776
723
100000754
1399__0_1840
1235
4315
2000000015
100000682
100001233
2228
100001549
100000915
4622
4199
100001067
574
100001295
1443__920_0
190
878
1337
1443__1840_0
1891
100001657
976
100001106
1357__1840_920
1285
2342
1280__1840_2128
1149__920_920
100001265
1858__0_1840
100001288
715
100001225
4093
3389
1047
100001449
2678
1794
572
4142
2114
4408
1110
100001262
2325
2574__2760_0
787
163__0_1676
587
100000976
4712
4154
2772
100001249
3284
4115
3966
4207
100001457
1066
4304
557
1813
2975
4352
100001284
2091
640
100001506
731
100001674
1920__920_0
853
4645
1583
100001588
4151
100
1456__1840_1840
4126
1438__920_1840
1365
1284__2361_0
1446__1840_920
1a0cd14cd
2789
1750
100001205
1465__2984_1840
1821__1840_1840
100001378
4121
505
100000852
100000704
399
2032
100001672
100001587
1217__1840_920
100001334
366
100001639
100001623
513__920_0
100001365
4690
665
4368
2759
2560__920_1840
100001123
1369
4314
2078
1397__1840_920
779
4134
1549
2236
818
1348
100001197
1357__1840_2128
4655
499
100000987
4736
100000810
1438__2027_1840
100001679
1858__2012_920
4579
3283
100001154
100001121
4659
37
3053
4078
2479
4282
3197
1918__0_1595
356
100001029
294
100001404
2545__2760_0
100001596
4653
100001241
4177
2555__0_920
1079
315
100000914
260
100001601
100001402
1585
100001609
100000775
100000799
4341
2545__2760_920
100001305
4680
100001328
602
2010__920_2250
100001584
100000983
764__0_1748
100001359
100000733
304
1416__0_2129
641
35
90
100000855
4601
100000647
1039
100001061
4205
4606
155
1786
535__920_1799
2099
100000989
1896__0_920
100000921
100000637
1439__0_0
100000731
360
100001064
385
1611
4585
100001504
4113
100001548
644
2560__2760_2345
100001526
100001107
4693
100001192
4084
100001480
2047
2292__0_1796
100001332
100001277
100000776
100001375
100000654
100001263
380
100001428
4272
1294
100000912
1460
44
734
395
100001086
1351__920_1840
100000893
2573__0_1833
1285__1840_920
514
100001057
2436
100001049
1064
805
2562__0_1840
4105
100000856
100000981
194
2702
100001007
441
1391
3305
100001413
1179
1783
100000848
100000963
2497
431
100001139
100001089
913
2922
4137
1756
100000892
100001517
4494
100001324
856
4436
1928__1840_920
100001158
224
1758
3218
4234
4237
2200
100000690
20__0_920
1420__920_920
267
100001355
4353
3948
100000692
890
1975
100001383
100001279
2562__0_2345
100000808
192
2009__1840_2252
2821
927__1840_920
1985
100001039
109__0_0
767
2560__920_2345
4508
4138
2511
4255
2559
100001628
100001304
100001242
3193
186
577
2571__920_920
4649
4363
346
100001650
100001586
1446__2027_920
671
100001155
1374__0_920
100001005
4506
4390
2557__2760_0
100001096
364
4411
2235
2080
100000922
100001000
4141
4266
47
562
100000773
100000645
387
100001539
100001303
3069
4145
100001339
144__0_0
100000636
4057
100001424
196
1926__1840_0
100001330
4270
145
1353
1896__920_1840
4459
1108
1472__1840_0
4090
3206
2106
2751
4646
100001581
100000011
100000756
816
463
559
100000897
1772
507
1217__1963_920
427
4706
4694
2029
1447__0_0
4348
100001232
712
100001514
100001309
1966
100001333
2545__3205_920
53
4440
100000840
1438__0_1884
2292__920_1796
1994
100000712
100001417
187
100001088
100000857
100001110
100000674
180
100001496
100001179
1452__1840_920
73
100001256
2571__0_0
4066
842
4522
1591
1828__920_1978
100001614
683
1307
100001117
4295
100000936
3238
100001622
1858__1840_0
3551
4158
100001292
100000865
100001240
100001214
2564__0_2345
2010__1840_920
575
1219
100000627
4077
4143
1297
100001022
4629
1856__2013_1840
1120__920_920
100001043
100001223
4728
660
4301
4173
3511
2010__920_920
2494
1438__920_920
4222
1198
100000876
2688
2071
914
297
100001255
4324
1448__2027_1840
100000881
1858__920_0
921
159
100001451
2272
1009
100000896
1691
100001543
540
100000791
100001574
100001499
2718
687
2460__2263_920
1820__920_920
100001557
547
1304
263
100001047
1928__920_920
1450__2982_0
4253
100001470
1448__1840_0
2322
100001633
100001042
2693
541
834
869
100001630
382
2268__1840_0
4407
4614
100001388
1361
865
4682
2850
100001127
100001011
100001323
1136
3972
100000833
1118
100000649
2779
2129
864
201
100001193
1920__920_920
765
2562__920_2345
1822
742
100001631
45
1745
1924
100001172
100001176
100000905
3247
4251
100001152
1740
100001252
1917
100001188
1285__0_1840
1418__1840_2129
1659
100001350
3135
2085
4068
1865
100000962
1357__2364_2128
100001095
2485__1840_920
1208__0_0
100001297
1907__1840_1840
2c689995b
100000760
764
2634
1916
100001013
964
100001226
4474
100001267
4658
100001026
489
100001244
4302
1877
100001618
2560__920_920
100001565
2010__2760_1840
950
621
146
1283
3301
1244
100000742
100000700
1378__920_0
2815
27
872
347
1848__1840_920
4383
1306
100000684
4194
4183
825
3874
2562__2760_2345
100000745
4621
852
4532
4524
4072
766
3073
3176
100000970
617
100000631
100001108
100001027
100001467
4208
3072
3279
4114
2057
100001459
4429
1399__2364_1840
100001077
100001290
100000907
100001266
4288
100001455
4176
100000934
654
100001360
445
109
1739
1853
3755
4571
1327__0_1840
2555__0_1840
3225
4389
496
3422
1467__2760_1840
1831__1840_920
1081
100001299
4146
100001169
674
4567
4037
1452__0_920
100001126
1440__0_1884
513__0_1799
4034
1127
3313
1855__0_1979
1395
100000657
100001387
1327__2363_0
2241
1919__0_1840
2417
3351
1170
1090
108
920
563
1063
1906
2767
100001390
100001422
3108
100000917
33
1060
4447
99
896
1250
606
100001361
100001532
4546
100001653
628
4667
100000722
1837
100000863
100001018
100001261
100001098
100001033
1452__1840_0
4592
3204
1452__920_0
1155__1903_920
100001112
773
610
822
100001571
2292__1840_1796
100001673
769
1158__920_1798
1820__920_0
4364
4056
03f71b758
4394
1623
100000894
1042
1441__920_1840
4515
1858__920_920
100001648
1836
1798
4609
100001602
4507
3228
1532
1351__2364_0
100000999
100001128
100001380
100001419
1454__2027_1840
2076
643
4375
100000787
100001114
100000877
100000811
4716
100000955
1848__920_1979
100001569
100001055
528
1896__1840_1840
100001091
335
100000735
1397__2364_0
1208
4463
100001494
100001538
100001313
666
282
1986
634
100001314
293
100001535
564
1452__2760_0
100000781
503
444
2010__0_1840
4336
854
100001676
100000774
100001258
4576
197
2574__1840_920
100000947
1931__920_1595
2221
298
4454
1931__920_0
100001040
100001560
1443__2027_920
4320
292
2293__1840_1796
2545__920_0
1767
1793
2460__920_0
100000672
100001610
3078
4505
2545__920_920
100000911
100000898
100000969
1988
2562__1840_1840
100001542
2038
4163
741
4252
100000790
607
2562__3207_1840
100000890
359
1935
4206
23
2293__2667_1796
278
1374__0_0
1107
4430
100001471
832
100000836
302
4605
4663
100001228
100000640
1246
416
1456__1840_0
1856__920_920
1336
754
3079
91
100001492
4725
100001202
4487
569
2734
163__2163_0
100001366
100000817
1801
1434
357
1584
351
100001497
100000780
3161
100001180
2526
1305
100000741
30
100000698
4371
100000749
100001148
4548
100001468
1505
4689
100001582
3260
100001160
1907__1840_0
100001318
100001065
100000961
1371
100001153
4065
1640
4479
3085
100001554
95
306
100001276
3304
625
1447__1840_1840
4623
1459__1840_1840
100000706
100001593
965
100001434
819
927__920_1741
100000941
100000844
2560__0_0
100001167
100001208
3317
100001603
100001273
2838
2555__0_2345
4733
1452__2760_1840
2684
100000913
828
100000858
2011__0_920
100001349
710
2689
100000658
631
296
3302
100000926
1580
100001637
1600
1149__1840_1797
100001325
774
2010__0_2250
100001146
4409
4261
898
2437
100001520
478
3071
100000874
4650
100001481
4240
100001203
1438__1840_1884
2560__3206_2345
1465__2984_920
1397__1840_0
100001227
4161
4594
1139
118
802
130
100001579
100000710
4241
2475__920_1497
100001501
100001649
100001599
100000771
1280__920_1840
4458
1379__0_920
2102
100001025
4477
100001085
384
100001487
100001300
4718
6e547e3cb
2726
1061
100001015
929
2101
2081
2065
100000768
4316
4048
639
6
1325
100000789
697
100001385
1849__920_0
100001352
1441__920_920
4135
4293
100000895
100001629
100001078
100001222
1208__920_1840
98
100000718
100000748
100000846
883
100000960
1253
1256
449
100000758
100000831
3366
363
100000003
4254
138
100001175
182
4575
100001165
100000825
2513__1840_920
100001131
207
1397__920_0
611
1438__0_0
2878
1608
4358
2581
1467__920_0
1257
100000943
4356
100001133
100000872
1741
4535
50
797
2171
1208__0_1961
100000002
4563
100001458
1378__920_1840
4274
4504
139
1890
100001138
1858__1840_1840
4603
4729
2545__0_920
2100
4089
1984
2004
1448__1840_1840
1378__2364_1840
4483
100001632
4554
810